1	0	0	0	0	0	0	0	0	0	0	0	0	0	0	0	0	0	0	0	0	0	0	0	0
0	1	0	0	0	0	0	0	0	0	0	0	0	0	0	0	0	0	0	0	0	0	0	0	0
0	0	1	0	0	0	0	0	0	0	0	0	0	0	0	0	0	0	0	0	0	0	0	0	0
0	0	0	1	0	0	0	0	0	0	0	0	0	0	0	0	0	0	0	0	0	0	0	0	0
0	0	0	0	1	0	0	0	0	0	0	0	0	0	0	0	0	0	0	0	0	0	0	0	0
0	0	0	0	0	1	0	0	0	0	0	0	0	0	0	0	0	0	0	0	0	0	0	0	0
0	4	0	0	0	4	-16	4	0	0	0	4	0	0	0	0	0	0	0	0	0	0	0	0	0
0	0	4	0	0	0	4	-16	4	0	0	0	4	0	0	0	0	0	0	0	0	0	0	0	0
0	0	0	4	0	0	0	4	-16	4	0	0	0	4	0	0	0	0	0	0	0	0	0	0	0
0	0	0	0	0	0	0	0	0	1	0	0	0	0	0	0	0	0	0	0	0	0	0	0	0
0	0	0	0	0	0	0	0	0	0	1	0	0	0	0	0	0	0	0	0	0	0	0	0	0
0	0	0	0	0	0	4	0	0	0	4	-16	4	0	0	0	4	0	0	0	0	0	0	0	0
0	0	0	0	0	0	0	4	0	0	0	4	-16	4	0	0	0	4	0	0	0	0	0	0	0
0	0	0	0	0	0	0	0	4	0	0	0	4	-16	4	0	0	0	4	0	0	0	0	0	0
0	0	0	0	0	0	0	0	0	0	0	0	0	0	1	0	0	0	0	0	0	0	0	0	0
0	0	0	0	0	0	0	0	0	0	0	0	0	0	0	1	0	0	0	0	0	0	0	0	0
0	0	0	0	0	0	0	0	0	0	0	4	0	0	0	4	-16	4	0	0	0	4	0	0	0
0	0	0	0	0	0	0	0	0	0	0	0	4	0	0	0	4	-16	4	0	0	0	4	0	0
0	0	0	0	0	0	0	0	0	0	0	0	0	4	0	0	0	4	-16	4	0	0	0	4	0
0	0	0	0	0	0	0	0	0	0	0	0	0	0	0	0	0	0	0	1	0	0	0	0	0
0	0	0	0	0	0	0	0	0	0	0	0	0	0	0	0	0	0	0	0	1	0	0	0	0
0	0	0	0	0	0	0	0	0	0	0	0	0	0	0	0	0	0	0	0	0	1	0	0	0
0	0	0	0	0	0	0	0	0	0	0	0	0	0	0	0	0	0	0	0	0	0	1	0	0
0	0	0	0	0	0	0	0	0	0	0	0	0	0	0	0	0	0	0	0	0	0	0	1	0
0	0	0	0	0	0	0	0	0	0	0	0	0	0	0	0	0	0	0	0	0	0	0	0	1

0.0
0.0
0.0
0.0
0.0
0.0
22.4
7.4
2.3
0.0
0.0
7.4
4.7
2.0
0.0
0.0
2.3
2.0
1.0
0.0
0.0
0.0
0.0
0.0
0.0
